77 0.659373 94.222626 137.868164 362.252869 364.266602
77 0.674471 154.277405 20.240463 330.953125 481.247864
77 0.629035 256.799652 133.174942 376.854034 374.954041
77 0.019606 234.076752 14.533875 315.144318 428.257996
77 0.013218 18.048798 90.376862 612.000000 423.200195
189 0.006353 33.110199 112.463425 383.102448 443.117859
62 0.063136 251.519424 384.248840 680.356628 774.057556
62 0.568820 193.394714 225.739685 712.024414 457.394653
62 0.954513 182.636780 565.970032 671.761353 1155.713135
62 0.833014 35.515717 153.154633 800.000000 560.480591
62 0.251669 34.497589 733.313904 800.000000 1026.265137
62 0.140483 289.791687 786.833374 562.114746 1015.268677
62 0.062687 72.369385 304.698395 791.642029 712.834961
62 0.028134 1.000000 417.772766 800.000000 577.129211
62 0.014547 139.237518 642.530212 770.812134 924.172424
64 0.774686 143.053467 121.074631 480.916809 244.889908
64 0.033238 39.238373 84.099495 585.779907 289.987549
64 0.007520 1.000000 1.000000 612.000000 327.766235
166 0.055769 247.672394 127.013733 671.757935 328.353699
68 0.433402 186.624756 88.017921 346.020630 313.819519
68 0.211519 62.178619 36.203003 474.788422 339.059998
68 0.006630 39.853912 1.000000 542.224487 434.000000
45 0.948023 1.000000 13.322571 255.838425 145.640610
45 0.007702 56.051025 1.000000 237.609009 189.000000
45 0.006097 58.181011 49.542442 174.463623 127.678108
