77 0.360003 94.222626 137.868164 362.252869 364.266602
77 0.221027 154.277405 20.240463 330.953125 481.247864
77 0.131528 256.799652 133.174942 376.854034 374.954041
77 0.017343 234.076752 14.533875 315.144318 428.257996
77 0.005287 205.101501 55.890457 412.073486 403.547119
189 0.973636 66.945557 56.775345 333.877533 541.720764
189 0.007662 1.000000 128.994385 410.000000 480.924988
62 0.048757 85.763184 188.950104 800.000000 430.537689
62 0.035355 251.519424 384.248840 680.356628 774.057556
62 0.009396 195.811005 613.145020 654.467163 1015.494629
62 0.008681 198.662415 231.077728 655.784546 398.456207
64 0.013774 62.413727 102.536774 544.970459 239.527008
166 0.961132 144.596298 182.657654 644.368225 360.948303
166 0.009108 207.539612 104.952484 398.725281 438.551361
166 0.007499 312.895081 58.439682 683.663513 378.841064
106 0.292804 98.756744 76.991821 308.221771 142.086380
106 0.269675 74.846260 69.751396 271.603882 195.512909
106 0.205497 51.775925 37.155869 343.790649 165.123611
106 0.011544 54.471138 139.728180 292.142456 187.773804
138 0.891592 350.341614 280.960938 863.111267 743.522827
138 0.768684 180.957123 143.972046 697.828979 736.595764
138 0.462059 237.269089 324.215637 641.000793 633.224548
138 0.007289 1.000000 113.126770 1005.817871 848.549194
111 0.993905 1.000000 36.875343 350.000000 247.120117
111 0.642420 82.918755 46.528664 258.479675 248.940979
111 0.005711 28.087708 102.307884 234.637238 211.900360
109 0.972357 123.803864 137.273346 629.898682 515.316040
109 0.845595 393.548462 103.852509 801.472046 638.563965
109 0.837724 718.442566 139.983047 913.092102 600.400146
109 0.721566 489.017609 248.073547 761.011353 523.014954
109 0.039422 544.710999 119.404602 998.286438 595.260986
109 0.037729 176.227524 238.854004 562.920471 435.681702
109 0.014713 23.147247 175.083817 559.642212 384.799866
135 0.998355 1.000000 53.897461 502.000000 310.965759
135 0.876713 1.000000 14.277466 502.000000 341.000000
135 0.010289 34.973953 94.694023 429.279541 266.395355
125 0.534786 50.885895 91.430542 198.969666 213.655426
125 0.372830 134.135193 166.687927 252.124878 278.216766
125 0.163439 60.252464 1.000000 198.936768 268.958191
125 0.036659 36.625973 49.165771 129.398056 217.245422
125 0.016921 139.580429 217.269608 249.159286 266.125885
125 0.013412 95.866539 146.276123 289.768738 297.986755
131 0.960690 211.381454 110.146225 398.333374 309.200562
131 0.716098 149.861053 57.048058 360.823059 278.738281
131 0.013655 27.083221 39.503357 485.543640 306.345886
131 0.011573 1.000000 139.253937 553.324402 265.895752
68 0.379046 186.624756 88.017921 346.020630 313.819519
68 0.359363 55.937393 73.425514 476.900452 310.030304
